year,month,elev
2007,10,4195.156444444315
2007,11,4195.104893092005
2007,12,4195.192405566619
2008,1,4195.324867939932
2008,2,4195.491178965138
2008,3,4195.936657559163
2008,4,4196.013972809693
2008,5,4195.9268505079945
2008,6,4195.893854033333
2008,7,4195.383035019444
2008,8,4194.708343313318
2008,9,4194.229897785271
2008,10,4194.0131908028325
2008,11,4194.031131359025
2008,12,4194.069749999936
2009,1,4194.226808510787
2009,2,4194.6369347739865
2009,3,4195.076887298604
2009,4,4195.352485163259
2009,5,4195.729358789618
2009,6,4195.87586980921
2009,7,4195.839459261916
2009,8,4195.121067221113
2009,9,4194.686005726527
2009,10,4194.397777006007
2009,11,4194.376498365541
2009,12,4194.392242295581
2010,1,4194.520628752971
2010,2,4194.830954290342
2010,3,4195.28022095519
2010,4,4195.370777088677
2010,5,4195.448375706314
2010,6,4195.596531144973
2010,7,4195.196929518496
2010,8,4194.498686484688
2010,9,4193.976340243251
2010,10,4193.690870933806
2010,11,4193.746549079784
2010,12,4194.113231728476
2011,1,4194.655371329893
2011,2,4194.985366826133
2011,3,4195.573411764705
2011,4,4196.395334040251
2011,5,4197.252196118482
2011,6,4198.272082132657
2011,7,4198.333715441625
2011,8,4197.983746182658
2011,9,4197.555027932975
2011,10,4197.517478991476
2011,11,4197.651161932724
2011,12,4197.828318584117
2012,1,4198.041803278594
2012,2,4198.457455982783
2012,3,4198.59269776861
2012,4,4198.677889087561
2012,5,4198.542499153475
2012,6,4198.045559038628
2012,7,4197.423767913347
2012,8,4196.861681296351
2012,9,4196.440842618607
2012,10,4196.1270189801735
2012,11,4196.158311444501
2012,12,4196.293073302069
2013,1,4196.402733236315
2013,2,4196.5798908097095
2013,3,4196.851009421395
2013,4,4196.932822299814
2013,5,4196.649393121979
2013,6,4196.1792361111675
2013,7,4195.60096788394
2013,8,4194.943649193579
2013,9,4194.583055555595
2013,10,4194.327184139917
2013,11,4194.266262135989
2013,12,4194.3205645162725
2014,1,4194.466767473129
2014,2,4194.708221726316
2014,3,4195.147167902794
2014,4,4195.152201479315
2014,5,4195.093915703533
2014,6,4194.727155771759
2014,7,4194.225397362141
2014,8,4193.8341061827705
2014,9,4193.496875000113
2014,10,4193.398454301209
2014,11,4193.307558945949
2014,12,4193.436928763498
2015,1,4193.667233753107
2015,2,4193.929055059609
2015,3,4194.022409152032
2015,4,4193.965171688936
2015,5,4194.077355316289
2015,6,4194.260715526083
2015,7,4193.7349798386795
2015,8,4193.198576753576
2015,9,4192.726452544065
2015,10,4192.590322580529
2015,11,4192.434568965647
2015,12,4192.51220748815
2016,1,4192.807961007366
2016,2,4193.177105831591
2016,3,4193.685392123903
2016,4,4194.016701388841
2016,5,4194.208201680681
2016,6,4194.109305555558
2016,7,4193.564492266383
2016,8,4192.935080645182
2016,9,4192.468276581095
2016,10,4192.321392532886
2016,11,4192.415395430715
2016,12,4192.273655913837
2017,1,4192.267170699092
2017,2,4192.837760416711
2017,3,4194.050572005414
2017,4,4194.932216404881
2017,5,4195.350185873705
2017,6,4195.222656800464
2017,7,4194.667534663557
2017,8,4194.020833333495
2017,9,4193.574782305829
2017,10,4193.492708333393
2017,11,4193.585570236265
2017,12,4193.793649686134
2018,1,4194.082493279347
2018,2,4194.320796131061
2018,3,4194.552061855547
2018,4,4194.835619864331
2018,5,4194.813987895048
2018,6,4194.399026763947
2018,7,4193.662084033626
2018,8,4193.0214698877635
2018,9,4192.418126659032
2018,10,4192.115070860564
2018,11,4192.029570080388
2018,12,4192.218329387995
2019,1,4192.460619276264
2019,2,4192.965989159832
2019,3,4193.548855989382
2019,4,4194.186111111072
2019,5,4194.609375000089
2019,6,4194.843446347465
2019,7,4194.4008086252725
2019,8,4193.745488466836
2019,9,4193.2587395544215
2019,10,4193.244959677247
2019,11,4193.27867084205
2019,12,4193.638373656011
2020,1,4193.8
2021,1,4192.331056527683
2021,2,4192.635677083303
2021,3,4192.803465679797
2021,4,4192.762777777685
2021,5,4192.577956989311
2021,6,4192.069409722235
2021,7,4191.480443548449
2021,8,4190.995091401617
2021,9,4190.668080667565
2021,10,4190.405875486391
2021,11,4190.601536849301
2021,12,4190.64429868814
2022,1,4190.843447580708
2022,2,4190.957924107172
2022,3,4191.095220464353
2022,4,4191.097361111057
2022,5,4190.926780914068
2022,6,4190.615109413049
2022,7,4189.97771002718
2022,8,4189.506254225973
2022,9,4189.138227035617
2022,10,4188.83493975904
2022,11,4188.732777777782
2022,12,4189.017092337916
2023,1,4189.659822064065
2023,2,4190.110318949189
2023,3,4190.742227456214
2023,4,4192.032743055604
2023,5,4193.143529411771
2023,6,4193.846527777911
2023,7,4193.517573924714
2023,8,4192.893145161243
2023,9,4192.398809523882
