year,gisacres
1999,156101.09401231995
2000,254979.66912525
2001,136128.28880213996
2002,301207.13806390023
2003,120463.21114724
2004,96521.54796352997
2005,273196.14951187
2006,343393.38151864987
2007,592463.6968671099
2008,32190.907452770003
2009,108014.08718664
2010,57158.12313628999
2011,56102.43957099999
2012,421657.62293996033
2013,78752.17974697
2014,32292.644475799993
2015,7977.101570420003
2016,92245.39796397301
2017,73810.38601285299
2018,564548.325288452
2019,69439.96201609197
2020,306963.37872688397
